0
0.301591624729132
0.603175629403839
0.904744394162227
1.20629029952745
1.50780572660025
1.80928305725141
2.11071467431427
2.41209296177719
2.71341030497596
3.01465909078617
3.31583170781563
3.61692054659661
3.91791799977815
4.21881646231823
4.51960833167597
4.82028600800366
5.12084189433882
5.42126839679614
5.72155792475932
6.0217028910729
6.32169571223391
6.62152880858351
6.9211946044985
7.22068552858269
7.51999401385826
7.81911249795688
8.11803342331082
8.41674923734392
8.71525239266237
9.01353534724543
9.31159056463597
9.60941051413091
9.90698767097149
10.2043145165334
10.5013835385166
10.7981872311354
11.0947180953079
11.3909686388456
11.6869313766425
11.9825988308644
12.2779635311378
12.5730180147384
12.8677548267803
13.1621665204036
13.4562456569629
13.7499848062154
14.0433765465083
14.3364134649666
14.6290881576803
14.9213932298913
15.2133212961804
15.5048649806541
15.7960169171304
16.0867697493256
16.3771161310395
16.6670487263416
16.9565602097561
17.245643266447
17.534290592403
17.8224948946221
18.1102488912958
18.3975453119929
18.6843768978437
18.9707364017228
19.2566165884326
19.5420102348859
19.8269101302887
20.111309076322
20.3951998873239
20.678575390471
20.96142842596
21.2437518471882
21.525538520934
21.8067813275376
22.0874731610807
22.3676069295656
22.6471755550951
22.9261719740507
23.2045891372715
23.4824200102322
23.7596575732206
24.0362948215154
24.3123247655627
24.587740431153
24.8625348595971
25.1367011079021
25.4102322489469
25.683121371657
25.9553615811793
26.226945999056
26.4978677633989
26.7681200290624
27.0376959678164
27.3065887685192
27.5747916372893
27.8422977976769
28.1091004908356
28.3751929756928
28.64056852912
28.9052204461029
29.1691420399108
29.4323266422653
29.6947676035088
29.956458292773
30.2173920981457
30.4775624268384
30.7369627053528
30.9955863796467
31.2534269152995
31.5104777976778
31.7667325320994
32.0221846439981
32.2768276790863
32.5306552035191
32.7836608040562
33.0358380882241
33.2871806844779
33.5376822423617
33.7873364326696
34.0361369476054
34.2840775009419
34.5311518281799
34.7773536867062
35.0226768559517
35.2671151375484
35.5106623554858
35.7533123562672
35.9950590090653
36.2358962058766
36.4758178616763
36.7148179145717
36.9528903259553
37.1900290806578
37.4262281870994
37.661481677442
37.8957836077394
38.1291280580875
38.3615091327741
38.5929209604279
38.8233576941667
39.0528135117449
39.2812826157013
39.5087592335046
39.7352376177003
39.9607120460551
40.1851768217019
40.4086262732835
40.6310547550962
40.8524566472321
41.0728263557214
41.2921583126733
41.5104469764173
41.7276868316428
41.9438723895385
42.158998187931
42.3730587914231
42.5860487915308
42.7979628068204
43.0087954830438
43.2185414932744
43.4271955380414
43.6347523454638
43.8412066713833
44.0465532994973
44.2507870414905
44.4539027371656
44.6558952545742
44.8567594901464
45.0564903688195
45.2550828441663
45.4525318985226
45.6488325431142
45.8439798181827
46.0379687931109
46.2307945665474
46.4224522665302
46.6129370506103
46.8022441059735
46.9903686495624
47.1773059281972
47.3630512186953
47.5475998279915
47.7309470932557
47.9130883820115
48.0940190922526
48.2737346525594
48.4522305222145
48.6295021913174
48.8055451808981
48.9803550430311
49.1539273609468
49.3262577491438
49.4973418534994
49.6671753513797
49.8357539517488
50.0030733952771
50.1691294544492
50.3339179336704
50.4974346693729
50.6596755301209
50.8206364167151
50.9803132622962
51.1387020324475
51.2957987252972
51.4515993716192
51.6061000349333
51.7592968116053
51.9111858309447
52.0617632553033
52.2110252801716
52.3589681342753
52.5055880796704
52.6508814118378
52.7948444597766
52.9374735860972
53.0787651871129
53.2187156929312
53.3573215675438
53.4945793089162
53.6304854490759
53.7650365542
53.8982292247023
54.030060095319
54.1605258351936
54.2896231479612
54.4173487718318
54.5436994796727
54.66867207909
54.7922634125092
54.9144703572551
55.0352898256306
55.1547187649949
55.2727541578404
55.389393021869
55.5046324100675
55.6184694107821
55.730901147792
55.8419247803816
55.9515375034131
56.0597365473967
56.1665191785609
56.2718826989214
56.3758244463492
56.4783417946384
56.5794321535719
56.679092968987
56.7773217228403
56.8741159332709
56.9694731546634
57.0633909777092
57.1558670294683
57.2468989734281
57.3364845095635
57.4246213743943
57.5113073410426
57.5965402192891
57.6803178556286
57.762638133324
57.8434989724603
57.9228983299964
58.0008341998178
58.0773046127862
58.1523076367898
58.2258413767924
58.2979039748805
58.3684936103108
58.4376084995562
58.5052468963506
58.5714070917332
58.6360874140916
58.6992862292042
58.7610019402812
58.8212329880052
58.8799778505704
58.9372350437213
58.99300312079
59.0472806727327
59.1000663281656
59.1513587533991
59.2011566524721
59.2494587671841
59.2962638771273
59.3415707997177
59.3853783902245
59.4276855417991
59.4684911855034
59.5077942903366
59.5455938632612
59.581888949228
59.6166786312005
59.6499620301781
59.6817383052178
59.712006653456
59.7407663101287
59.7680165485904
59.7937566803329
59.8179860550028
59.8407040604172
59.8619101225801
59.8816037056963
59.899784312185
59.9164514826926
59.9316047961041
59.9452438695539
59.9573683584354
59.9679779564095
59.9770723954127
59.9846514456637
59.9907149156693
59.995262652229
59.998294540439
59.9998105036952
59.9998105036952
59.998294540439
59.995262652229
59.9907149156693
59.9846514456637
59.9770723954127
59.9679779564094
59.9573683584354
59.9452438695539
59.9316047961041
59.9164514826926
59.899784312185
59.8816037056963
59.8619101225801
59.8407040604172
59.8179860550028
59.7937566803329
59.7680165485903
59.7407663101286
59.712006653456
59.6817383052178
59.649962030178
59.6166786312005
59.5818889492279
59.5455938632611
59.5077942903366
59.4684911855034
59.4276855417991
59.3853783902244
59.3415707997177
59.2962638771273
59.249458767184
59.2011566524721
59.1513587533991
59.1000663281656
59.0472806727327
58.99300312079
58.9372350437213
58.8799778505704
58.8212329880052
58.7610019402812
58.6992862292042
58.6360874140916
58.5714070917331
58.5052468963505
58.4376084995561
58.3684936103107
58.2979039748804
58.2258413767924
58.1523076367898
58.0773046127861
58.0008341998178
57.9228983299964
57.8434989724602
57.762638133324
57.6803178556286
57.5965402192891
57.5113073410425
57.4246213743943
57.3364845095635
57.2468989734281
57.1558670294682
57.0633909777092
56.9694731546633
56.8741159332709
56.7773217228403
56.679092968987
56.5794321535718
56.4783417946384
56.3758244463492
56.2718826989213
56.1665191785609
56.0597365473967
55.9515375034131
55.8419247803816
55.7309011477919
55.6184694107821
55.5046324100675
55.3893930218689
55.2727541578403
55.1547187649949
55.0352898256306
54.914470357255
54.7922634125091
54.66867207909
54.5436994796727
54.4173487718318
54.2896231479611
54.1605258351935
54.0300600953189
53.8982292247022
53.7650365541999
53.6304854490758
53.4945793089162
53.3573215675438
53.2187156929311
53.0787651871129
52.9374735860972
52.7948444597766
52.6508814118378
52.5055880796704
52.3589681342752
52.2110252801715
52.0617632553032
51.9111858309446
51.7592968116052
51.6061000349333
51.4515993716191
51.2957987252971
51.1387020324475
50.9803132622961
50.8206364167151
50.6596755301209
50.4974346693728
50.3339179336703
50.1691294544491
50.003073395277
49.8357539517487
49.6671753513796
49.4973418534993
49.3262577491437
49.1539273609467
48.980355043031
48.8055451808981
48.6295021913173
48.4522305222145
48.2737346525594
48.0940190922525
47.9130883820114
47.7309470932556
47.5475998279914
47.3630512186952
47.1773059281971
46.9903686495624
46.8022441059734
46.6129370506102
46.4224522665301
46.2307945665473
46.0379687931109
45.8439798181827
45.6488325431141
45.4525318985225
45.2550828441662
45.0564903688194
44.8567594901464
44.6558952545741
44.4539027371655
44.2507870414904
44.0465532994972
43.8412066713832
43.6347523454637
43.4271955380414
43.2185414932744
43.0087954830437
42.7979628068203
42.5860487915307
42.373058791423
42.1589981879309
41.9438723895384
41.7276868316427
41.5104469764172
41.2921583126732
41.0728263557212
40.852456647232
40.6310547550961
40.4086262732834
40.1851768217018
39.960712046055
39.7352376177002
39.5087592335045
39.2812826157011
39.0528135117448
38.8233576941666
38.5929209604278
38.361509132774
38.1291280580874
37.8957836077393
37.6614816774419
37.4262281870993
37.1900290806577
36.9528903259552
36.7148179145716
36.4758178616762
36.2358962058765
35.9950590090652
35.7533123562671
35.5106623554857
35.2671151375483
35.0226768559517
34.7773536867061
34.5311518281798
34.2840775009418
34.0361369476053
33.7873364326695
33.5376822423616
33.2871806844778
33.035838088224
32.7836608040561
32.530655203519
32.2768276790862
32.022184643998
31.7667325320993
31.5104777976777
31.2534269152994
30.9955863796465
30.7369627053527
30.4775624268383
30.2173920981456
29.9564582927728
29.6947676035087
29.4323266422651
29.1691420399107
28.9052204461028
28.6405685291199
28.3751929756927
28.1091004908355
27.8422977976768
27.5747916372892
27.3065887685191
27.0376959678163
26.7681200290622
26.4978677633988
26.2269459990559
25.9553615811792
25.6831213716569
25.4102322489468
25.136701107902
24.862534859597
24.5877404311529
24.3123247655626
24.0362948215153
23.7596575732205
23.482420010232
23.2045891372714
22.9261719740505
22.647175555095
22.3676069295655
22.0874731610806
21.8067813275375
21.5255385209339
21.243751847188
20.9614284259599
20.6785753904709
20.3951998873238
20.1113090763219
19.8269101302886
19.5420102348858
19.2566165884325
18.9707364017227
18.6843768978436
18.3975453119928
18.1102488912956
17.822494894622
17.5342905924029
17.2456432664469
16.956560209756
16.6670487263415
16.3771161310394
16.0867697493255
15.7960169171303
15.504864980654
15.2133212961803
14.9213932298912
14.6290881576802
14.3364134649665
14.0433765465082
13.7499848062153
13.4562456569628
13.1621665204035
12.8677548267802
12.5730180147383
12.2779635311376
11.9825988308643
11.6869313766424
11.3909686388455
11.0947180953078
10.7981872311353
10.5013835385164
10.2043145165332
9.90698767097137
9.60941051413078
9.31159056463585
9.0135353472453
8.71525239266225
8.41674923734379
8.1180334233107
7.81911249795674
7.51999401385814
7.22068552858256
6.92119460449838
6.62152880858338
6.32169571223379
6.02170289107277
5.7215579247592
5.42126839679601
5.1208418943387
4.82028600800353
4.51960833167585
4.2188164623181
3.91791799977803
3.61692054659648
3.31583170781552
3.01465909078605
2.71341030497584
2.41209296177707
2.11071467431416
1.80928305725128
1.50780572660014
1.20629029952733
0.904744394162114
0.603175629403713
0.301591624728992
-1.25878882160135E-13
-0.301591624729271
-0.603175629403965
-0.904744394162366
-1.20629029952758
-1.50780572660039
-1.80928305725153
-2.11071467431441
-2.41209296177732
-2.71341030497609
-3.0146590907863
-3.31583170781577
-3.61692054659673
-3.91791799977828
-4.21881646231835
-4.5196083316761
-4.82028600800378
-5.12084189433895
-5.42126839679626
-5.72155792475945
-6.02170289107302
-6.32169571223404
-6.62152880858363
-6.92119460449863
-7.22068552858281
-7.51999401385839
-7.81911249795699
-8.11803342331095
-8.41674923734404
-8.7152523926625
-9.01353534724554
-9.3115905646361
-9.60941051413103
-9.90698767097162
-10.2043145165335
-10.5013835385167
-10.7981872311355
-11.0947180953081
-11.3909686388458
-11.6869313766427
-11.9825988308646
-12.2779635311379
-12.5730180147386
-12.8677548267804
-13.1621665204037
-13.456245656963
-13.7499848062155
-14.0433765465084
-14.3364134649668
-14.6290881576804
-14.9213932298914
-15.2133212961806
-15.5048649806542
-15.7960169171305
-16.0867697493257
-16.3771161310396
-16.6670487263418
-16.9565602097562
-17.2456432664471
-17.5342905924031
-17.8224948946222
-18.1102488912959
-18.3975453119931
-18.6843768978438
-18.9707364017229
-19.2566165884327
-19.5420102348861
-19.8269101302888
-20.1113090763221
-20.395199887324
-20.6785753904712
-20.9614284259602
-21.2437518471883
-21.5255385209341
-21.8067813275378
-22.0874731610808
-22.3676069295657
-22.6471755550952
-22.9261719740508
-23.2045891372716
-23.4824200102323
-23.7596575732207
-24.0362948215155
-24.3123247655628
-24.5877404311531
-24.8625348595972
-25.1367011079022
-25.4102322489471
-25.6831213716571
-25.9553615811794
-26.2269459990561
-26.497867763399
-26.7681200290625
-27.0376959678165
-27.3065887685193
-27.5747916372894
-27.842297797677
-28.1091004908357
-28.3751929756929
-28.6405685291201
-28.905220446103
-29.1691420399109
-29.4323266422654
-29.6947676035089
-29.9564582927731
-30.2173920981458
-30.4775624268385
-30.7369627053529
-30.9955863796468
-31.2534269152996
-31.5104777976779
-31.7667325320996
-32.0221846439982
-32.2768276790864
-32.5306552035192
-32.7836608040563
-33.0358380882242
-33.287180684478
-33.5376822423618
-33.7873364326697
-34.0361369476055
-34.284077500942
-34.53115182818
-34.7773536867063
-35.0226768559519
-35.2671151375485
-35.5106623554859
-35.7533123562673
-35.9950590090654
-36.2358962058767
-36.4758178616765
-36.7148179145718
-36.9528903259554
-37.1900290806579
-37.4262281870995
-37.6614816774421
-37.8957836077395
-38.1291280580876
-38.3615091327742
-38.592920960428
-38.8233576941668
-39.0528135117451
-39.2812826157014
-39.5087592335047
-39.7352376177004
-39.9607120460552
-40.185176821702
-40.4086262732836
-40.6310547550963
-40.8524566472322
-41.0728263557214
-41.2921583126734
-41.5104469764174
-41.7276868316429
-41.9438723895386
-42.1589981879311
-42.3730587914232
-42.5860487915309
-42.7979628068205
-43.0087954830439
-43.2185414932745
-43.4271955380415
-43.6347523454639
-43.8412066713834
-44.0465532994974
-44.2507870414906
-44.4539027371656
-44.6558952545743
-44.8567594901465
-45.0564903688196
-45.2550828441663
-45.4525318985227
-45.6488325431143
-45.8439798181828
-46.037968793111
-46.2307945665475
-46.4224522665303
-46.6129370506104
-46.8022441059736
-46.9903686495625
-47.1773059281973
-47.3630512186954
-47.5475998279915
-47.7309470932558
-47.9130883820116
-48.0940190922527
-48.2737346525595
-48.4522305222146
-48.6295021913174
-48.8055451808982
-48.9803550430311
-49.1539273609468
-49.3262577491438
-49.4973418534995
-49.6671753513798
-49.8357539517489
-50.0030733952772
-50.1691294544493
-50.3339179336705
-50.497434669373
-50.659675530121
-50.8206364167152
-50.9803132622963
-51.1387020324476
-51.2957987252973
-51.4515993716192
-51.6061000349334
-51.7592968116053
-51.9111858309448
-52.0617632553033
-52.2110252801716
-52.3589681342753
-52.5055880796705
-52.6508814118379
-52.7948444597767
-52.9374735860973
-53.078765187113
-53.2187156929313
-53.3573215675439
-53.4945793089163
-53.6304854490759
-53.7650365542
-53.8982292247024
-54.030060095319
-54.1605258351936
-54.2896231479613
-54.4173487718319
-54.5436994796728
-54.6686720790901
-54.7922634125093
-54.9144703572551
-55.0352898256307
-55.154718764995
-55.2727541578404
-55.389393021869
-55.5046324100676
-55.6184694107822
-55.730901147792
-55.8419247803817
-55.9515375034132
-56.0597365473968
-56.166519178561
-56.2718826989214
-56.3758244463493
-56.4783417946385
-56.5794321535719
-56.6790929689871
-56.7773217228404
-56.874115933271
-56.9694731546634
-57.0633909777093
-57.1558670294683
-57.2468989734282
-57.3364845095636
-57.4246213743943
-57.5113073410426
-57.5965402192892
-57.6803178556286
-57.7626381333241
-57.8434989724603
-57.9228983299965
-58.0008341998178
-58.0773046127862
-58.1523076367899
-58.2258413767924
-58.2979039748805
-58.3684936103108
-58.4376084995562
-58.5052468963506
-58.5714070917332
-58.6360874140916
-58.6992862292042
-58.7610019402812
-58.8212329880052
-58.8799778505705
-58.9372350437214
-58.99300312079
-59.0472806727327
-59.1000663281656
-59.1513587533992
-59.2011566524721
-59.2494587671841
-59.2962638771274
-59.3415707997178
-59.3853783902245
-59.4276855417991
-59.4684911855035
-59.5077942903366
-59.5455938632612
-59.581888949228
-59.6166786312005
-59.6499620301781
-59.6817383052178
-59.712006653456
-59.7407663101287
-59.7680165485904
-59.7937566803329
-59.8179860550028
-59.8407040604172
-59.8619101225801
-59.8816037056963
-59.899784312185
-59.9164514826926
-59.9316047961041
-59.9452438695539
-59.9573683584354
-59.9679779564095
-59.9770723954127
-59.9846514456637
-59.9907149156693
-59.995262652229
-59.998294540439
-59.9998105036952
-59.9998105036952
-59.998294540439
-59.995262652229
-59.9907149156693
-59.9846514456637
-59.9770723954127
-59.9679779564094
-59.9573683584354
-59.9452438695539
-59.9316047961041
-59.9164514826926
-59.899784312185
-59.8816037056963
-59.8619101225801
-59.8407040604172
-59.8179860550027
-59.7937566803329
-59.7680165485903
-59.7407663101286
-59.712006653456
-59.6817383052177
-59.649962030178
-59.6166786312005
-59.5818889492279
-59.5455938632611
-59.5077942903366
-59.4684911855034
-59.4276855417991
-59.3853783902244
-59.3415707997177
-59.2962638771273
-59.249458767184
-59.2011566524721
-59.1513587533991
-59.1000663281655
-59.0472806727327
-58.99300312079
-58.9372350437213
-58.8799778505704
-58.8212329880051
-58.7610019402812
-58.6992862292041
-58.6360874140916
-58.5714070917331
-58.5052468963505
-58.4376084995561
-58.3684936103107
-58.2979039748804
-58.2258413767923
-58.1523076367898
-58.0773046127861
-58.0008341998177
-57.9228983299964
-57.8434989724602
-57.762638133324
-57.6803178556285
-57.596540219289
-57.5113073410425
-57.4246213743942
-57.3364845095634
-57.246898973428
-57.1558670294682
-57.0633909777092
-56.9694731546633
-56.8741159332709
-56.7773217228403
-56.679092968987
-56.5794321535719
-56.4783417946384
-56.3758244463492
-56.2718826989214
-56.1665191785609
-56.0597365473968
-55.9515375034132
-55.8419247803817
-55.730901147792
-55.6184694107822
-55.5046324100676
-55.3893930218691
-55.2727541578405
-55.1547187649951
-55.0352898256308
-54.9144703572553
-54.7922634125094
-54.6686720790902
-54.543699479673
-54.4173487718321
-54.2896231479615
-54.1605258351938
-54.0300600953193
-53.8982292247026
-53.7650365542003
-53.6304854490762
-53.4945793089166
-53.3573215675442
-53.2187156929316
-53.0787651871133
-52.9374735860977
-52.7948444597771
-52.6508814118383
-52.5055880796709
-52.3589681342758
-52.2110252801721
-52.0617632553038
-51.9111858309453
-51.7592968116059
-51.606100034934
-51.4515993716198
-51.2957987252979
-51.1387020324482
-50.9803132622969
-50.8206364167159
-50.6596755301217
-50.4974346693737
-50.3339179336712
-50.16912945445
-50.003073395278
-49.8357539517497
-49.6671753513806
-49.4973418535003
-49.3262577491447
-49.1539273609478
-48.9803550430321
-48.8055451808992
-48.6295021913184
-48.4522305222157
-48.2737346525606
-48.0940190922538
-47.9130883820127
-47.7309470932569
-47.5475998279927
-47.3630512186966
-47.1773059281985
-46.9903686495638
-46.8022441059749
-46.6129370506117
-46.4224522665316
-46.2307945665488
-46.0379687931124
-45.8439798181842
-45.6488325431157
-45.4525318985241
-45.2550828441679
-45.0564903688211
-44.8567594901481
-44.6558952545759
-44.4539027371673
-44.2507870414922
-44.0465532994991
-43.8412066713851
-43.6347523454656
-43.4271955380433
-43.2185414932764
-43.0087954830458
-42.7979628068224
-42.5860487915328
-42.3730587914251
-42.1589981879331
-41.9438723895406
-41.727686831645
-41.5104469764196
-41.2921583126755
-41.0728263557236
-40.8524566472344
-40.6310547550986
-40.4086262732859
-40.1851768217043
-39.9607120460576
-39.7352376177028
-39.5087592335071
-39.2812826157038
-39.0528135117475
-38.8233576941693
-38.5929209604306
-38.3615091327768
-38.1291280580902
-37.8957836077422
-37.6614816774448
-37.4262281871023
-37.1900290806606
-36.9528903259582
-36.7148179145747
-36.4758178616793
-36.2358962058797
-35.9950590090684
-35.7533123562703
-35.5106623554889
-35.2671151375516
-35.022676855955
-34.7773536867095
-34.5311518281832
-34.2840775009453
-34.0361369476088
-33.787336432673
-33.5376822423651
-33.2871806844814
-33.0358380882277
-32.7836608040597
-32.5306552035227
-32.27682767909
-32.0221846440017
-31.7667325321032
-31.5104777976815
-31.2534269153033
-30.9955863796505
-30.7369627053567
-30.4775624268424
-30.2173920981497
-29.956458292777
-29.6947676035129
-29.4323266422694
-29.169142039915
-28.9052204461071
-28.6405685291242
-28.3751929756971
-28.1091004908399
-27.8422977976812
-27.5747916372937
-27.3065887685237
-27.0376959678209
-26.7681200290669
-26.4978677634035
-26.2269459990606
-25.9553615811839
-25.6831213716617
-25.4102322489516
-25.1367011079069
-24.8625348596019
-24.5877404311578
-24.3123247655676
-24.0362948215203
-23.7596575732256
-23.4824200102372
-23.2045891372765
-22.9261719740557
-22.6471755551002
-22.3676069295708
-22.0874731610859
-21.8067813275429
-21.5255385209393
-21.2437518471935
-20.9614284259654
-20.6785753904765
-20.3951998873293
-20.1113090763275
-19.8269101302943
-19.5420102348916
-19.2566165884382
-18.9707364017285
-18.6843768978494
-18.3975453119987
-18.1102488913016
-17.822494894628
-17.5342905924089
-17.2456432664529
-16.9565602097621
-16.6670487263476
-16.3771161310456
-16.0867697493317
-15.7960169171366
-15.5048649806603
-15.2133212961867
-14.9213932298975
-14.6290881576866
-14.336413464973
-14.0433765465147
-13.7499848062218
-13.4562456569693
-13.1621665204101
-12.8677548267869
-12.573018014745
-12.2779635311444
-11.9825988308711
-11.6869313766492
-11.3909686388524
-11.0947180953147
-10.7981872311422
-10.5013835385234
-10.2043145165402
-9.90698767097839
-9.60941051413786
-9.31159056464296
-9.01353534725247
-8.71525239266946
-8.41674923735105
-8.118033423318
-7.81911249796404
-7.51999401386547
-7.22068552858995
-6.9211946045058
-6.62152880859085
-6.32169571224129
-6.02170289108033
-5.72155792476674
-5.4212683968036
-5.12084189434633
-4.82028600801121
-4.51960833168356
-4.21881646232587
-3.91791799978583
-3.61692054660434
-3.31583170782335
-3.01465909079393
-2.71341030498376
-2.41209296178503
-2.11071467432215
-1.80928305725933
-1.50780572660821
-1.20629029953546
-0.904744394170221
-0.603175629411873
-0.301591624737206
-8.11488294925491E-12
0.301591624720977
0.603175629395644
0.904744394153993
1.20629029951918
1.50780572659199
1.80928305724311
2.11071467430593
2.41209296176882
2.71341030496754
3.01465909077772
3.31583170780714
3.61692054658808
3.91791799976963
4.21881646230968
4.51960833166738
4.82028600799503
5.12084189433016
5.42126839678744
5.72155792475059
6.02170289106418
6.32169571222515
6.62152880857472
6.92119460448968
7.22068552857384
7.51999401384937
7.81911249794795
8.11803342330186
8.41674923733498
8.7152523926534
9.01353534723642
9.31159056462693
9.60941051412184
9.90698767096239
10.2043145165242
10.5013835385074
10.7981872311262
11.0947180952988
11.3909686388364
11.6869313766333
11.9825988308552
12.2779635311285
12.5730180147291
12.867754826771
13.1621665203942
13.4562456569535
13.749984806206
14.0433765464989
14.3364134649572
14.6290881576708
14.9213932298818
15.213321296171
15.5048649806446
15.7960169171209
16.086769749316
16.3771161310299
16.667048726332
16.9565602097465
17.2456432664373
17.5342905923934
17.8224948946125
18.1102488912861
18.3975453119832
18.684376897834
18.9707364017131
19.2566165884228
19.5420102348762
19.826910130279
20.1113090763122
20.3951998873141
20.6785753904612
20.9614284259502
21.2437518471783
21.5255385209241
21.8067813275278
22.0874731610708
22.3676069295557
22.6471755550852
22.9261719740407
23.2045891372616
23.4824200102222
23.7596575732106
24.0362948215055
24.3123247655528
24.587740431143
24.8625348595871
25.1367011078921
25.4102322489369
25.683121371647
25.9553615811692
26.226945999046
26.4978677633889
26.7681200290524
27.0376959678064
27.3065887685092
27.5747916372792
27.8422977976669
28.1091004908256
28.3751929756828
28.64056852911
28.9052204460929
29.1691420399008
29.4323266422552
29.6947676034988
29.9564582927629
30.2173920981356
30.4775624268284
30.7369627053428
30.9955863796366
31.2534269152894
31.5104777976677
31.7667325320894
32.022184643988
32.2768276790762
32.5306552035091
32.7836608040462
33.0358380882141
33.2871806844678
33.5376822423517
33.7873364326596
34.0361369475954
34.284077500932
34.5311518281699
34.7773536866963
35.0226768559418
35.2671151375385
35.5106623554758
35.7533123562573
35.9950590090554
36.2358962058668
36.4758178616665
36.7148179145618
36.9528903259455
37.1900290806479
37.4262281870896
37.6614816774322
37.8957836077296
38.1291280580777
38.3615091327643
38.5929209604182
38.8233576941569
39.0528135117352
39.2812826156915
39.5087592334949
39.7352376176906
39.9607120460455
40.1851768216923
40.4086262732739
40.6310547550866
40.8524566472225
41.0728263557118
41.2921583126637
41.5104469764078
41.7276868316333
41.943872389529
42.1589981879215
42.3730587914136
42.5860487915214
42.797962806811
43.0087954830344
43.2185414932651
43.4271955380321
43.6347523454545
43.841206671374
44.0465532994881
44.2507870414813
44.4539027371564
44.6558952545651
44.8567594901373
45.0564903688104
45.2550828441572
45.4525318985136
45.6488325431052
45.8439798181738
46.037968793102
46.2307945665385
46.4224522665213
46.6129370506014
46.8022441059647
46.9903686495537
47.1773059281884
47.3630512186866
47.5475998279828
47.7309470932471
47.9130883820029
48.0940190922441
48.2737346525509
48.4522305222061
48.6295021913089
48.8055451808897
48.9803550430227
49.1539273609385
49.3262577491355
49.4973418534912
49.6671753513715
49.8357539517406
50.003073395269
50.1691294544411
50.3339179336624
50.4974346693649
50.659675530113
50.8206364167073
50.9803132622884
51.1387020324397
51.2957987252895
51.4515993716115
51.6061000349257
51.7592968115977
51.9111858309372
52.0617632552957
52.2110252801641
52.3589681342679
52.5055880796631
52.6508814118305
52.7948444597694
52.93747358609
53.0787651871058
53.2187156929241
53.3573215675368
53.4945793089092
53.6304854490689
53.7650365541931
53.8982292246955
54.0300600953122
54.1605258351869
54.2896231479545
54.4173487718252
54.5436994796662
54.6686720790835
54.7922634125028
54.9144703572487
55.0352898256243
55.1547187649887
55.2727541578342
55.3893930218628
55.5046324100614
55.6184694107761
55.730901147786
55.8419247803757
55.9515375034073
56.059736547391
56.1665191785552
56.2718826989157
56.3758244463437
56.4783417946329
56.5794321535665
56.6790929689817
56.777321722835
56.8741159332657
56.9694731546582
57.0633909777041
57.1558670294632
57.2468989734232
57.3364845095586
57.4246213743895
57.5113073410378
57.5965402192845
57.680317855624
57.7626381333195
57.8434989724558
57.9228983299921
58.0008341998135
58.0773046127819
58.1523076367857
58.2258413767883
58.2979039748764
58.3684936103068
58.4376084995523
58.5052468963468
58.5714070917295
58.636087414088
58.6992862292007
58.7610019402777
58.8212329880018
58.8799778505671
58.9372350437181
58.9930031207868
59.0472806727296
59.1000663281626
59.1513587533962
59.2011566524693
59.2494587671813
59.2962638771247
59.3415707997151
59.3853783902219
59.4276855417967
59.4684911855011
59.5077942903344
59.545593863259
59.5818889492259
59.6166786311985
59.6499620301761
59.6817383052159
59.7120066534543
59.740766310127
59.7680165485888
59.7937566803314
59.8179860550014
59.8407040604159
59.8619101225789
59.8816037056952
59.899784312184
59.9164514826916
59.9316047961032
59.9452438695531
59.9573683584347
59.9679779564089
59.9770723954122
59.9846514456633
59.990714915669
59.9952626522287
59.9982945404388
59.9998105036952
59.9998105036953
59.9982945404391
59.9952626522292
59.9907149156696
59.9846514456642
59.9770723954132
59.9679779564101
59.9573683584361
59.9452438695547
59.931604796105
59.9164514826936
59.8997843121861
59.8816037056975
59.8619101225814
59.8407040604186
59.8179860550042
59.7937566803345
59.768016548592
59.7407663101304
59.7120066534579
59.6817383052197
59.6499620301801
59.6166786312027
59.5818889492302
59.5455938632635
59.5077942903391
59.468491185506
59.4276855418018
59.3853783902272
59.3415707997206
59.2962638771303
59.2494587671871
59.2011566524753
59.1513587534024
59.100066328169
59.0472806727362
58.9930031207936
58.937235043725
58.8799778505742
58.8212329880091
58.7610019402852
58.6992862292083
58.6360874140958
58.5714070917375
58.505246896355
58.4376084995607
58.3684936103154
58.2979039748852
58.2258413767972
58.1523076367948
58.0773046127912
58.000834199823
57.9228983300017
57.8434989724656
57.7626381333295
57.6803178556342
57.5965402192948
57.5113073410484
57.4246213744002
57.3364845095695
57.2468989734343
57.1558670294745
57.0633909777156
56.9694731546698
56.8741159332775
56.777321722847
56.6790929689938
56.5794321535788
56.4783417946454
56.3758244463563
56.2718826989286
56.1665191785682
56.0597365474042
55.9515375034207
55.8419247803893
55.7309011477997
55.61846941079
55.5046324100755
55.3893930218771
55.2727541578486
55.1547187650032
55.0352898256391
54.9144703572636
54.7922634125179
54.6686720790988
54.5436994796816
54.4173487718408
54.2896231479703
54.1605258352028
54.0300600953283
53.8982292247117
53.7650365542095
53.6304854490855
53.494579308926
53.3573215675537
53.2187156929412
53.078765187123
52.9374735861075
52.794844459787
52.6508814118483
52.505588079681
52.3589681342859
52.2110252801823
52.0617632553141
51.9111858309557
51.7592968116164
51.6061000349446
51.4515993716305
51.2957987253087
51.1387020324591
50.9803132623079
50.8206364167269
50.6596755301328
50.4974346693849
50.3339179336825
50.1691294544614
50.0030733952894
49.8357539517612
49.6671753513922
49.4973418535121
49.3262577491565
49.1539273609597
48.9803550430441
48.8055451809113
48.6295021913306
48.4522305222279
48.2737346525729
48.0940190922662
47.9130883820252
47.7309470932695
47.5475998280054
47.3630512187093
47.1773059282113
46.9903686495767
46.8022441059878
46.6129370506247
46.4224522665448
46.2307945665621
46.0379687931257
45.8439798181976
45.6488325431292
45.4525318985377
45.2550828441815
45.0564903688349
44.8567594901619
44.6558952545898
44.4539027371812
44.2507870415062
44.0465532995132
43.8412066713993
43.6347523454799
43.4271955380577
43.2185414932908
43.0087954830602
42.7979628068369
42.5860487915475
42.3730587914398
42.1589981879479
41.9438723895555
41.7276868316599
41.5104469764346
41.2921583126906
41.0728263557387
40.8524566472496
40.6310547551138
40.4086262733012
40.1851768217197
39.960712046073
39.7352376177183
39.5087592335228
39.2812826157195
39.0528135117633
38.8233576941852
38.5929209604465
38.3615091327928
38.1291280581063
37.8957836077583
37.661481677461
37.4262281871185
37.1900290806769
36.9528903259746
36.7148179145911
36.4758178616958
36.2358962058962
35.995059009085
35.753312356287
35.5106623555057
35.2671151375684
35.0226768559719
34.7773536867264
34.5311518282002
34.2840775009623
34.0361369476259
33.7873364326901
33.5376822423823
33.2871806844986
33.035838088245
32.7836608040771
32.5306552035401
32.2768276791075
32.0221846440193
31.7667325321208
31.5104777976992
31.253426915321
30.9955863796683
30.7369627053746
30.4775624268603
30.2173920981676
29.9564582927949
29.6947676035309
29.4323266422874
29.1691420399331
28.9052204461253
28.6405685291424
28.3751929757153
28.1091004908583
27.8422977976997
27.5747916373121
27.3065887685422
27.0376959678394
26.7681200290855
26.4978677634221
26.2269459990793
25.9553615812027
25.6831213716804
25.4102322489704
25.1367011079257
24.8625348596207
24.5877404311767
24.3123247655866
24.0362948215393
23.7596575732446
23.4824200102563
23.2045891372957
22.926171974075
22.6471755551194
22.3676069295901
22.0874731611052
21.8067813275623
21.5255385209587
21.2437518472129
20.9614284259848
20.6785753904959
20.3951998873488
20.1113090763471
19.8269101303139
19.5420102349112
19.2566165884579
18.9707364017482
18.6843768978692
18.3975453120185
18.1102488913214
17.8224948946478
17.5342905924288
17.2456432664729
16.956560209782
16.6670487263676
16.3771161310655
16.0867697493516
15.7960169171566
15.5048649806803
15.2133212962067
14.9213932299177
14.6290881577067
14.3364134649931
14.0433765465349
13.749984806242
13.4562456569896
13.1621665204303
12.8677548268072
12.5730180147654
12.2779635311647
11.9825988308914
11.6869313766696
11.3909686388727
11.0947180953351
10.7981872311626
10.5013835385439
10.2043145165607
9.9069876709989
9.60941051415839
9.3115905646635
9.01353534727302
8.71525239269003
8.41674923737164
8.1180334233386
7.8191124979846
7.51999401388604
7.22068552861054
6.9211946045264
6.62152880861146
6.32169571226192
6.02170289110096
5.72155792478744
5.42126839682431
5.12084189436705
4.82028600803193
4.51960833170429
4.21881646234661
3.91791799980658
3.61692054662509
3.31583170784416
3.01465909081464
2.71341030500447
2.41209296180575
2.11071467434288
1.80928305728006
1.50780572662895
1.20629029955619
0.904744394191009
0.603175629432663
0.301591624757997
2.89056058510327E-11
-0.301591624700186
-0.603175629374855
-0.904744394133205
-1.20629029949839
-1.50780572657126
-1.80928305722238
-2.11071467428521
-2.4120929617481
-2.71341030494683
-3.01465909075701
-3.31583170778644
-3.61692054656738
-3.91791799974889
-4.21881646228894
-4.51960833164665
-4.82028600797431
-5.12084189430944
-5.42126839676673
-5.72155792472989
-6.02170289104344
-6.32169571220453
-6.62152880855411
-6.92119460446908
-7.22068552855325
-7.51999401382879
-7.81911249792739
-8.11803342328132
-8.4167492373144
-8.71525239263283
-9.01353534721587
-9.31159056460639
-9.60941051410132
-9.90698767094188
-10.2043145165037
-10.5013835384869
-10.7981872311059
-11.0947180952784
-11.3909686388161
-11.686931376613
-11.9825988308348
-12.2779635311082
-12.5730180147088
-12.8677548267507
-13.1621665203739
-13.4562456569333
-13.7499848061857
-14.0433765464787
-14.336413464937
-14.6290881576507
-14.9213932298617
-15.2133212961508
-15.5048649806246
-15.7960169171009
-16.0867697492961
-16.37711613101
-16.6670487263121
-16.9565602097266
-17.2456432664175
-17.5342905923735
-17.8224948945926
-18.1102488912663
-18.3975453119634
-18.6843768978142
-18.9707364016933
-19.2566165884031
-19.5420102348565
-19.8269101302594
-20.1113090762927
-20.3951998872946
-20.6785753904418
-20.9614284259308
-21.2437518471589
-21.5255385209048
-21.8067813275084
-22.0874731610515
-22.3676069295364
-22.6471755550659
-22.9261719740215
-23.2045891372424
-23.4824200102031
-23.7596575731916
-24.0362948214864
-24.3123247655338
-24.5877404311241
-24.8625348595682
-25.1367011078733
-25.4102322489181
-25.6831213716283
-25.9553615811506
-26.2269459990273
-26.4978677633702
-26.7681200290337
-27.0376959677878
-27.3065887684907
-27.5747916372608
-27.8422977976485
-28.1091004908072
-28.3751929756645
-28.6405685290917
-28.9052204460747
-29.1691420398827
-29.4323266422371
-29.6947676034807
-29.9564582927449
-30.2173920981177
-30.4775624268105
-30.7369627053249
-30.9955863796188
-31.2534269152717
-31.51047779765
-31.7667325320718
-32.0221846439704
-32.2768276790587
-32.5306552034917
-32.7836608040288
-33.0358380881968
-33.2871806844506
-33.5376822423345
-33.7873364326425
-34.0361369475783
-34.2840775009149
-34.5311518281529
-34.7773536866793
-35.0226768559249
-35.2671151375216
-35.5106623554592
-35.7533123562407
-35.9950590090388
-36.2358962058502
-36.47581786165
-36.7148179145454
-36.9528903259291
-37.1900290806316
-37.4262281870734
-37.6614816774161
-37.8957836077136
-38.1291280580617
-38.3615091327484
-38.5929209604023
-38.8233576941411
-39.0528135117195
-39.2812826156759
-39.5087592334793
-39.7352376176751
-39.96071204603
-40.1851768216769
-40.4086262732586
-40.6310547550713
-40.8524566472073
-41.0728263556966
-41.2921583126488
-41.5104469763929
-41.7276868316185
-41.9438723895142
-42.1589981879068
-42.373058791399
-42.5860487915068
-42.7979628067965
-43.00879548302
-43.2185414932507
-43.4271955380178
-43.6347523454403
-43.8412066713599
-44.046553299474
-44.2507870414672
-44.4539027371425
-44.6558952545513
-44.8567594901236
-45.0564903687968
-45.2550828441436
-45.4525318985001
-45.6488325430918
-45.8439798181604
-46.0379687930887
-46.2307945665253
-46.4224522665082
-46.6129370505884
-46.8022441059517
-46.9903686495408
-47.1773059281756
-47.3630512186739
-47.5475998279702
-47.7309470932346
-47.9130883819905
-48.0940190922317
-48.2737346525386
-48.4522305221939
-48.6295021912968
-48.8055451808777
-48.9803550430108
-49.1539273609266
-49.3262577491237
-49.4973418534794
-49.6671753513599
-49.8357539517291
-50.0030733952575
-50.1691294544298
-50.3339179336511
-50.4974346693538
-50.6596755301019
-50.8206364166963
-50.9803132622775
-51.1387020324289
-51.2957987252787
-51.4515993716008
-51.6061000349151
-51.7592968115872
-51.9111858309268
-52.0617632552854
-52.2110252801539
-52.3589681342577
-52.505588079653
-52.6508814118206
-52.7948444597596
-52.9374735860803
-53.0787651870961
-53.2187156929145
-53.3573215675273
-53.4945793088999
-53.6304854490596
-53.7650365541839
-53.8982292246864
-54.0300600953032
-54.1605258351779
-54.2896231479457
-54.4173487718165
-54.5436994796576
-54.668672079075
-54.7922634124943
-54.9144703572404
-55.0352898256161
-55.1547187649805
-55.2727541578262
-55.3893930218549
-55.5046324100536
-55.6184694107684
-55.7309011477783
-55.8419247803681
-55.9515375033998
-56.0597365473836
-56.1665191785479
-56.2718826989085
-56.3758244463366
-56.478341794626
-56.5794321535596
-56.6790929689749
-56.7773217228284
-56.8741159332591
-56.9694731546517
-57.0633909776978
-57.1558670294569
-57.246898973417
-57.3364845095525
-57.4246213743835
-57.5113073410319
-57.5965402192786
-57.6803178556183
-57.7626381333139
-57.8434989724503
-57.9228983299867
-58.0008341998082
-58.0773046127767
-58.1523076367806
-58.2258413767833
-58.2979039748715
-58.368493610302
-58.4376084995476
-58.5052468963422
-58.571407091725
-58.6360874140836
-58.6992862291964
-58.7610019402735
-58.8212329879977
-58.8799778505631
-58.9372350437142
-58.9930031207831
-59.047280672726
-59.100066328159
-59.1513587533928
-59.2011566524659
-59.249458767178
-59.2962638771215
-59.3415707997121
-59.385378390219
-59.4276855417938
-59.4684911854983
-59.5077942903317
-59.5455938632564
-59.5818889492234
-59.6166786311962
-59.6499620301739
-59.6817383052138
-59.7120066534522
-59.7407663101251
-59.768016548587
-59.7937566803297
-59.8179860549997
-59.8407040604144
-59.8619101225775
-59.8816037056939
-59.8997843121828
-59.9164514826905
-59.9316047961023
-59.9452438695523
-59.9573683584339
-59.9679779564082
-59.9770723954116
-59.9846514456629
-59.9907149156686
-59.9952626522285
-59.9982945404387
-59.9998105036952
-59.9998105036953
-59.9982945404393
-59.9952626522295
-59.99071491567
-59.9846514456646
-59.9770723954138
-59.9679779564107
-59.9573683584369
-59.9452438695556
-59.931604796106
-59.9164514826947
-59.8997843121873
-59.8816037056988
-59.8619101225828
-59.8407040604201
-59.8179860550058
-59.7937566803362
-59.7680165485938
-59.7407663101324
-59.7120066534599
-59.6817383052219
-59.6499620301824
-59.616678631205
-59.5818889492327
-59.5455938632661
-59.5077942903417
-59.4684911855087
-59.4276855418046
-59.3853783902302
-59.3415707997237
-59.2962638771335
-59.2494587671904
-59.2011566524786
-59.1513587534059
-59.1000663281725
-59.0472806727399
-58.9930031207974
-58.9372350437289
-58.8799778505782
-58.8212329880132
-58.7610019402894
-58.6992862292126
-58.6360874141002
-58.571407091742
-58.5052468963596
-58.4376084995654
-58.3684936103202
-58.2979039748901
-58.2258413768022
-58.1523076367999
-58.0773046127964
-58.0008341998283
-57.9228983300071
-57.8434989724711
-57.7626381333351
-57.6803178556399
-57.5965402193006
-57.5113073410543
-57.4246213744062
-57.3364845095756
-57.2468989734404
-57.1558670294808
-57.063390977722
-56.9694731546763
-56.8741159332841
-56.7773217228537
-56.6790929690006
-56.5794321535857
-56.4783417946524
-56.3758244463634
-56.2718826989358
-56.1665191785755
-56.0597365474115
-55.9515375034281
-55.8419247803968
-55.7309011478074
-55.6184694107978
-55.5046324100834
-55.389393021885
-55.2727541578567
-55.1547187650114
-55.0352898256473
-54.914470357272
-54.7922634125263
-54.6686720791073
-54.5436994796903
-54.4173487718495
-54.2896231479791
-54.1605258352117
-54.0300600953373
-53.8982292247208
-53.7650365542187
-53.6304854490948
-53.4945793089354
-53.3573215675632
-53.2187156929508
-53.0787651871327
-52.9374735861172
-52.7948444597968
-52.6508814118582
-52.505588079691
-52.3589681342961
-52.2110252801925
-52.0617632553244
-51.9111858309661
-51.7592968116269
-51.6061000349551
-51.4515993716411
-51.2957987253194
-51.1387020324699
-50.9803132623188
-50.8206364167379
-50.6596755301439
-50.4974346693961
-50.3339179336938
-50.1691294544728
-50.0030733953009
-49.8357539517728
-49.6671753514038
-49.4973418535237
-49.3262577491683
-49.1539273609715
-48.980355043056
-48.8055451809233
-48.6295021913427
-48.4522305222401
-48.2737346525852
-48.0940190922786
-47.9130883820377
-47.7309470932821
-47.547599828018
-47.363051218722
-47.1773059282241
-46.9903686495895
-46.8022441060008
-46.6129370506378
-46.4224522665579
-46.2307945665752
-46.037968793139
-45.843979818211
-45.6488325431427
-45.4525318985512
-45.2550828441951
-45.0564903688485
-44.8567594901757
-44.6558952546036
-44.4539027371952
-44.2507870415203
-44.0465532995273
-43.8412066714134
-43.6347523454941
-43.4271955380719
-43.2185414933051
-43.0087954830747
-42.7979628068514
-42.5860487915621
-42.3730587914545
-42.1589981879626
-41.9438723895703
-41.7276868316748
-41.5104469764495
-41.2921583127056
-41.0728263557539
-40.8524566472648
-40.631054755129
-40.4086262733165
-40.1851768217351
-39.9607120460885
-39.7352376177338
-39.5087592335383
-39.2812826157351
-39.052813511779
-38.8233576942009
-38.5929209604623
-38.3615091328087
-38.1291280581222
-37.8957836077743
-37.6614816774772
-37.4262281871347
-37.1900290806932
-36.9528903259909
-36.7148179146074
-36.4758178617122
-36.2358962059127
-35.9950590091015
-35.7533123563036
-35.5106623555224
-35.2671151375851
-35.0226768559886
-34.7773536867433
-34.5311518282171
-34.2840775009793
-34.036136947643
-33.7873364327073
-33.5376822423996
-33.2871806845158
-33.0358380882622
-32.7836608040944
-32.5306552035575
-32.2768276791249
-32.0221846440368
-31.7667325321384
-31.5104777977168
-31.2534269153387
-30.995586379686
-30.7369627053923
-30.4775624268781
-30.2173920981855
-29.9564582928129
-29.6947676035489
-29.4323266423055
-29.1691420399512
-28.9052204461434
-28.6405685291606
-28.3751929757335
-28.1091004908765
-27.842297797718
-27.5747916373305
-27.3065887685606
-27.0376959678579
-26.768120029104
-26.4978677634407
-26.2269459990979
-25.9553615812213
-25.6831213716992
-25.4102322489893
-25.1367011079445
-24.8625348596396
-24.5877404311956
-24.3123247656055
-24.0362948215583
-23.7596575732636
-23.4824200102753
-23.2045891373148
-22.9261719740941
-22.6471755551386
-22.3676069296093
-22.0874731611245
-21.8067813275816
-21.525538520978
-21.2437518472323
-20.9614284260043
-20.6785753905153
-20.3951998873683
-20.1113090763666
-19.8269101303334
-19.5420102349307
-19.2566165884775
-18.9707364017678
-18.6843768978888
-18.3975453120382
-18.1102488913411
-17.8224948946676
-17.5342905924486
-17.2456432664927
-16.9565602098019
-16.6670487263875
-16.3771161310854
-16.0867697493716
-15.7960169171765
-15.5048649807003
-15.2133212962267
-14.9213932299377
-14.6290881577268
-14.3364134650132
-14.043376546555
-13.7499848062621
-13.4562456570098
-13.1621665204505
-12.8677548268274
-12.5730180147856
-12.277963531185
-11.9825988309118
-11.6869313766898
-11.390968638893
-11.0947180953554
-10.798187231183
-10.5013835385642
-10.2043145165811
-9.9069876710193
-9.6094105141788
-9.31159056468394
-9.01353534729347
-8.71525239271049
-8.41674923739212
-8.11803342335909
-7.81911249800522
-7.51999401390667
-7.22068552863118
-6.92119460454694
-6.62152880863202
-6.32169571228249
-6.02170289112154
-5.72155792480803
-5.42126839684491
-5.12084189438765
-4.82028600805255
-4.51960833172492
-4.21881646236724
-3.91791799982722
-3.61692054664574
-3.31583170786481
-3.01465909083541
-2.71341030502524
-2.41209296182642
-2.11071467436355
-1.80928305730073
-1.50780572664962
-1.20629029957687
-0.904744394211691
-0.603175629453346
-0.301591624778681
-4.95897473424465E-11
